9407
5991
5853
8723
8541
8182
2922
7755
9362
3536
9882
885
6390
9907
5138
3122
6910
7023
4203
326
6996
8230
4717
8474
101
3071
9162
9077
4444
2580
8728
6093
1643
1130
1706
9476
4189
5863
1228
7672
7974
5934
1316
8859
6778
491
6559
2145
5815
7271
182
7626
5943
382
1698
700
9605
8804
6453
9056
1427
4056
4531
3646
5245
268
5294
1462
6807
921
9433
3523
8218
6897
1647
5268
4543
2004
596
1492
9809
1811
3471
3796
8389
1633
8444
3058
712
6305
2635
632
9195
6324
6217
2968
5042
6973
4200
6909
1341
9164
4935
112
3323
2854
1908
2575
4339
5058
6294
3270
585
6830
7269
9078
8686
9278
2686
8573
8610
1196
7770
9954
1136
1683
9468
1671
3416
4442
4104
8065
8933
4085
720
9069
8149
8731
5602
5084
290
4525
5553
242
2087
4411
4914
8510
6160
3091
415
8743
1365
2006
7251
5461
9791
9857
9670
9801
2170
8219
5427
3571
9632
3371
9622
5370
1112
9956
9424
7378
369
3481
5782
8457
221
1507
3898
956
4046
8299
4098
8947
2211
1589
9653
8201
8342
5142
5721
4661
6430
7937
4895
9559
9646
5498
9200
5098
