5750
5902
731
3221
8966
8830
9852
4289
6055
999
4114
8083
7708
8164
6010
7282
9141
9350
2019
2042
4304
8920
7811
795
9886
2676
4012
3462
8689
5520
4794
7836
1428
3687
4381
9487
6418
3527
766
8802
6474
1413
5398
1000
9480
513
902
1896
5763
8567
9302
9177
7622
3664
1685
974
2280
282
8564
9122
3098
7015
986
8249
2321
9508
375
8442
6118
3293
1055
5106
9360
5504
776
9865
793
7285
9165
5137
4570
5323
8461
7337
4863
4594
9635
5244
8958
1165
6142
9991
1171
4297
4191
7123
8883
9446
2210
1331
3644
581
6388
2662
5594
6074
8440
4591
8519
1057
5049
4640
5152
5866
8793
5421
5551
635
6433
588
1835
2779
5236
2231
4233
323
4638
5391
9083
2887
771
4371
2083
8144
5478
2053
6477
2897
4877
8674
7101
9265
6401
5308
161
3262
2817
8942
3827
2619
2640
1204
9152
5013
6164
7932
3054
8413
1980
5281
7440
7525
1490
3120
189
790
6690
391
502
438
9515
9713
9385
7380
9107
2104
4944
541
2944
62
5131
113
797
248
1820
4698
7528
7724
7748
4433
6849
7273
3534
1293
1901
6722
1429
4743
6213
2289
